10001
10002
10003
10011
10019
10025
10036
10128
10451
10453
11201
11215
11218
11226
11355
11432
20001
20009
20016
21201
21224
22101
22314
27514
27601
28202
29401
30301
30303
30309
33101
33130
33139
33602
35203
37203
38103
40202
43215
44114
46204
48201
49503
50309
52240
55401
55414
60601
60605
60611
60614
63101
64105
66044
68102
70112
72201
73102
75201
77002
77005
77024
78701
78704
79901
80202
80203
80903
84101
85004
85281
85701
87102
89101
90001
90012
90024
90036
90210
90212
90266
90401
90802
91030
92101
92103
92618
93001
94102
94103
94109
94110
94117
94301
95014
95814
96813
97201
98101
98109
98115
98402
99201
99501
02108
02116
02139
02446
02903
03801
04101
06103
07030
07302
08540
10065
11238
19103
19147
15222
15232
14202
14604
13202
12207
12084
11743
11530
11050
10583
06810
06902
07450
08002
08608
17401
18102
18503
19601
20814
21044
21401
21740
22030
22201
22903
23219
23510
24011
24541
25301
26505
27101
27401
27701
27858
28105
28301
28607
28801
29201
29601
30030
30501
30720
30901
31201
31401
31701
31901
32084
32202
32401
32502
32789
32801
32901
33401
33511
33701
33801
34102
34236
34471
34601
34741
34950
35401
35630
35801
36104
36602
36830
37064
37402
37660
37902
38401
38655
38801
39042
39201
39530
39759
39801
40004
40324
40507
40741
41011
42101
42420
42701
43017
43604
44035
45011
45402
45840
46032
46802
47130
47408
47708
47906
48067
48307
48933
49007
49423
49684
49855
50010
50701
51101
52401
52801
53095
53202
53703
54301
54701
54911
55101
55802
56301
57006
57701
58102
58801
59101
59401
59601
59715
59801
59901
